1
2
3
4
5
7
8
11
13
14
15
16
18
21
22
23
24
25
26
28
29
30
31
32
33
34
36
37
38
39
43
44
45
46
47
48
50
51
54
55
57
60
62
64
65
67
68
69
70
74
75
77
78
79
80
81
82
83
84
85
86
87
88
91
94
97
98
103
104
109
110
111
112
113
114
115
117
119
121
122
123
124
126
127
130
132
133
134
135
136
137
138
139
141
142
143
145
146
149
150
151
152
155
157
158
159
162
163
165
170
171
174
175
176
181
182
185
186
191
192
193
197
199
201
203
204
205
206
209
211
212
213
215
216
218
219
220
221
223
224
226
227
228
229
230
231
232
233
234
235
236
237
238
239
241
242
243
246
247
248
250
251
252
253
255
256
257
258
260
263
268
269
270
271
274
275
277
278
279
280
281
285
286
287
288
289
291
292
294
295
296
298
299
300
301
304
305
306
307
308
310
311
313
315
317
318
319
320
322
323
324
326
327
328
329
330
331
332
333
334
335
337
338
341
343
345
346
347
349
350
351
353
354
355
357
358
359
360
362
363
364
365
366
367
