1
3
4
5
7
8
11
13
14
15
16
18
22
23
24
28
29
33
36
37
38
39
43
44
45
46
47
48
50
51
54
55
57
60
64
65
67
69
70
74
75
77
78
79
80
81
82
83
84
85
86
87
88
91
94
97
104
112
113
114
117
121
127
132
134
136
138
139
141
142
143
145
146
150
151
152
155
159
162
163
165
171
174
175
185
186
191
192
193
199
201
203
204
205
209
212
213
215
218
219
220
221
226
227
229
230
231
232
233
234
235
236
237
238
241
242
246
247
250
251
252
253
255
256
257
258
260
263
268
270
271
274
279
288
289
294
295
299
300
301
304
305
306
310
311
313
315
317
319
320
323
324
326
327
328
329
330
333
335
341
346
350
351
353
354
355
357
358
359
360
362
363
364
365
366
367
